1 0.241776 0.287829 0.476974 0.569079
2 0.631579 0.116776 0.256579 0.115132
2 0.552632 0.256579 0.098684 0.210526
2 0.685855 0.340461 0.180921 0.286184
2 0.819079 0.284539 0.078947 0.240132
2 0.741776 0.549342 0.128289 0.046053
2 0.898026 0.488487 0.059211 0.141447
9 0.381579 0.835526 0.230263 0.335526
0 0.927632 0.924342 0.131579 0.098684
0 0.516447 0.929276 0.026316 0.042763
0 0.860197 0.809211 0.042763 0.105263
0 0.564145 0.907895 0.062500 0.052632
0 0.753289 0.855263 0.078947 0.046053
0 0.728618 0.980263 0.042763 0.046053
