1 0.317308 0.339744 0.064103 0.057692
1 0.488782 0.357372 0.054487 0.060897
1 0.435897 0.104167 0.057692 0.054487
1 0.208333 0.128205 0.044872 0.057692
1 0.171474 0.088141 0.041667 0.067308
1 0.036859 0.469551 0.060897 0.060897
1 0.871795 0.360577 0.057692 0.048077
1 0.762821 0.368590 0.038462 0.057692
1 0.660256 0.453526 0.044872 0.067308
1 0.625000 0.647436 0.044872 0.089744
1 0.977564 0.641026 0.038462 0.076923
1 0.378205 0.852564 0.070513 0.057692
1 0.288462 0.849359 0.057692 0.076923
1 0.349359 0.472756 0.051282 0.067308
1 0.360577 0.584936 0.060897 0.060897
